# Onda Corporation
# Hydrophone Calibration Data
#
Calibration_DATE	01-Aug-2014
#
# Hydrophone description
HYD_MFG	ONDA
HYD_MODEL	HNC
HYD_APERTURE_NOM_UM	0200
HYD_SN	1177
HYD_POLARITY	Positive
#
# External preamplifier description
AMP_MFG	ONDA
AMP_MODEL	AH-2010
AMP_SN	1477
AMP_GAIN_NOM_DB	20
AMP_BW_MHZ	25
AMP_OUTPUT_IMP_NOM_OHMS	50
#
# Cable/adaptor between hydrophone and preamplifier
CA_BWT_HYD_AMP	AR-AMAF
#
# Environment
ELECTRICAL_LOAD	50Ohms
SOFTWARE_VERSION	1.0.8.0
SYSTEM_SETTING	OndaCombineCal.exe
WATER_TEMP_DEGC	23.40
WATER_RESISTIVITY_MOHMS-CM	3.5
#
# Calibration data
# Freq(MHz) Sens(dB re. 1V/uPa) Sens(V/Pa) Sens(V^2cm^2/W)
#
DATA_FIELDS	4
DATA_FIELD	FREQ_MHZ
DATA_FIELD	SENS_DB
DATA_FIELD	SENS_VPERPA
DATA_FIELD	SENS_V2CM2PERW
# End of file header
HEADER_END	0
1.000	-252.24	2.443E-007	8.949E-004
1.050	-252.35	2.412E-007	8.724E-004
1.100	-253.17	2.196E-007	7.236E-004
1.150	-253.09	2.215E-007	7.361E-004
1.200	-251.96	2.522E-007	9.544E-004
1.250	-251.91	2.537E-007	9.655E-004
1.300	-251.91	2.537E-007	9.652E-004
1.350	-252.22	2.449E-007	8.995E-004
1.400	-251.61	2.628E-007	1.036E-003
1.450	-250.77	2.895E-007	1.257E-003
1.500	-251.31	2.719E-007	1.109E-003
1.550	-252.43	2.391E-007	8.573E-004
1.600	-251.19	2.758E-007	1.141E-003
1.650	-250.51	2.983E-007	1.335E-003
1.700	-251.25	2.740E-007	1.126E-003
1.750	-251.51	2.659E-007	1.060E-003
1.800	-250.75	2.900E-007	1.262E-003
1.850	-250.40	3.020E-007	1.368E-003
1.900	-250.82	2.876E-007	1.241E-003
1.950	-250.85	2.869E-007	1.235E-003
2.000	-250.67	2.928E-007	1.286E-003
2.050	-250.50	2.985E-007	1.337E-003
2.100	-250.03	3.150E-007	1.488E-003
2.150	-249.00	3.547E-007	1.887E-003
2.200	-250.32	3.048E-007	1.394E-003
2.250	-251.25	2.737E-007	1.124E-003
2.300	-248.74	3.656E-007	2.005E-003
2.350	-248.39	3.805E-007	2.172E-003
2.400	-251.26	2.736E-007	1.123E-003
2.450	-250.21	3.087E-007	1.430E-003
2.500	-248.16	3.909E-007	2.292E-003
2.550	-248.43	3.787E-007	2.151E-003
2.600	-250.54	2.971E-007	1.324E-003
2.650	-249.14	3.491E-007	1.828E-003
2.700	-248.31	3.841E-007	2.213E-003
2.750	-248.98	3.557E-007	1.898E-003
2.800	-249.12	3.501E-007	1.839E-003
2.850	-248.72	3.666E-007	2.016E-003
2.900	-248.78	3.640E-007	1.987E-003
2.950	-248.76	3.649E-007	1.997E-003
3.000	-248.50	3.759E-007	2.120E-003
3.050	-248.24	3.872E-007	2.249E-003
3.100	-248.35	3.822E-007	2.191E-003
3.150	-248.51	3.756E-007	2.116E-003
3.200	-248.17	3.903E-007	2.285E-003
3.250	-247.91	4.022E-007	2.426E-003
3.300	-247.79	4.081E-007	2.498E-003
3.350	-247.79	4.079E-007	2.496E-003
3.400	-247.83	4.059E-007	2.472E-003
3.450	-247.87	4.042E-007	2.450E-003
3.500	-247.67	4.135E-007	2.565E-003
3.550	-247.56	4.187E-007	2.630E-003
3.600	-247.58	4.177E-007	2.617E-003
3.650	-247.37	4.281E-007	2.749E-003
3.700	-247.29	4.319E-007	2.797E-003
3.750	-247.30	4.313E-007	2.791E-003
3.800	-247.13	4.401E-007	2.905E-003
3.850	-247.04	4.445E-007	2.964E-003
3.900	-247.09	4.421E-007	2.931E-003
3.950	-247.11	4.413E-007	2.921E-003
4.000	-246.99	4.474E-007	3.003E-003
4.050	-246.80	4.569E-007	3.131E-003
4.100	-246.80	4.569E-007	3.131E-003
4.150	-246.65	4.651E-007	3.244E-003
4.200	-246.60	4.675E-007	3.278E-003
4.250	-246.56	4.699E-007	3.311E-003
4.300	-246.51	4.726E-007	3.350E-003
4.350	-246.43	4.770E-007	3.413E-003
4.400	-246.36	4.807E-007	3.466E-003
4.450	-246.43	4.770E-007	3.413E-003
4.500	-246.42	4.773E-007	3.418E-003
4.550	-246.32	4.830E-007	3.500E-003
4.600	-246.22	4.889E-007	3.586E-003
4.650	-246.14	4.930E-007	3.646E-003
4.700	-246.12	4.941E-007	3.662E-003
4.750	-246.09	4.959E-007	3.688E-003
4.800	-246.09	4.958E-007	3.688E-003
4.850	-246.17	4.917E-007	3.627E-003
4.900	-246.12	4.944E-007	3.667E-003
4.950	-245.97	5.030E-007	3.795E-003
5.000	-245.86	5.091E-007	3.888E-003
5.050	-245.78	5.141E-007	3.965E-003
5.100	-245.71	5.184E-007	4.031E-003
5.150	-245.67	5.204E-007	4.062E-003
5.200	-245.62	5.238E-007	4.116E-003
5.250	-245.65	5.217E-007	4.082E-003
5.300	-245.59	5.251E-007	4.136E-003
5.350	-245.61	5.239E-007	4.118E-003
5.400	-245.69	5.192E-007	4.043E-003
5.450	-245.62	5.238E-007	4.115E-003
5.500	-245.47	5.325E-007	4.254E-003
5.550	-245.54	5.286E-007	4.191E-003
5.600	-245.53	5.291E-007	4.199E-003
5.650	-245.50	5.307E-007	4.224E-003
5.700	-245.53	5.293E-007	4.203E-003
5.750	-245.58	5.259E-007	4.148E-003
5.800	-245.49	5.312E-007	4.233E-003
5.850	-245.53	5.289E-007	4.197E-003
5.900	-245.63	5.227E-007	4.099E-003
5.950	-245.54	5.287E-007	4.192E-003
6.000	-245.47	5.325E-007	4.253E-003
6.050	-245.53	5.293E-007	4.203E-003
6.100	-245.47	5.325E-007	4.253E-003
6.150	-245.38	5.384E-007	4.349E-003
6.200	-245.44	5.343E-007	4.282E-003
6.250	-245.45	5.342E-007	4.280E-003
6.300	-245.39	5.374E-007	4.332E-003
6.350	-245.42	5.355E-007	4.302E-003
6.400	-245.35	5.404E-007	4.380E-003
6.450	-245.38	5.384E-007	4.348E-003
6.500	-245.42	5.357E-007	4.305E-003
6.550	-245.40	5.373E-007	4.330E-003
6.600	-245.43	5.350E-007	4.293E-003
6.650	-245.42	5.358E-007	4.307E-003
6.700	-245.39	5.378E-007	4.339E-003
6.750	-245.38	5.384E-007	4.349E-003
6.800	-245.44	5.343E-007	4.283E-003
6.850	-245.60	5.251E-007	4.135E-003
6.900	-245.64	5.223E-007	4.093E-003
6.950	-245.67	5.206E-007	4.066E-003
7.000	-245.76	5.151E-007	3.980E-003
7.050	-245.75	5.156E-007	3.987E-003
7.100	-245.64	5.223E-007	4.092E-003
7.150	-245.58	5.262E-007	4.153E-003
7.200	-245.56	5.270E-007	4.166E-003
7.250	-245.48	5.319E-007	4.243E-003
7.300	-245.30	5.432E-007	4.426E-003
7.350	-245.19	5.499E-007	4.535E-003
7.400	-245.15	5.526E-007	4.580E-003
7.450	-245.08	5.573E-007	4.659E-003
7.500	-245.08	5.569E-007	4.652E-003
7.550	-245.16	5.518E-007	4.568E-003
7.600	-245.24	5.469E-007	4.487E-003
7.650	-245.34	5.408E-007	4.387E-003
7.700	-245.42	5.359E-007	4.307E-003
7.750	-245.54	5.287E-007	4.193E-003
7.800	-245.59	5.256E-007	4.144E-003
7.850	-245.58	5.262E-007	4.154E-003
7.900	-245.70	5.188E-007	4.038E-003
7.950	-245.83	5.114E-007	3.923E-003
8.000	-245.84	5.104E-007	3.908E-003
8.050	-245.80	5.127E-007	3.943E-003
8.100	-245.81	5.125E-007	3.940E-003
8.150	-245.85	5.101E-007	3.902E-003
8.200	-245.86	5.091E-007	3.888E-003
8.250	-245.78	5.138E-007	3.959E-003
8.300	-245.91	5.066E-007	3.849E-003
8.350	-246.06	4.978E-007	3.717E-003
8.400	-246.05	4.983E-007	3.724E-003
8.450	-246.03	4.994E-007	3.741E-003
8.500	-246.04	4.987E-007	3.731E-003
8.550	-246.13	4.939E-007	3.659E-003
8.600	-246.24	4.873E-007	3.562E-003
8.650	-246.33	4.827E-007	3.495E-003
8.700	-246.47	4.748E-007	3.382E-003
8.750	-246.52	4.719E-007	3.340E-003
8.800	-246.65	4.651E-007	3.244E-003
8.850	-246.73	4.607E-007	3.183E-003
8.900	-246.71	4.619E-007	3.200E-003
8.950	-246.70	4.622E-007	3.205E-003
9.000	-246.66	4.645E-007	3.237E-003
9.050	-246.58	4.689E-007	3.299E-003
9.100	-246.57	4.691E-007	3.301E-003
9.150	-246.59	4.681E-007	3.286E-003
9.200	-246.68	4.636E-007	3.224E-003
9.250	-246.71	4.618E-007	3.199E-003
9.300	-246.85	4.546E-007	3.100E-003
9.350	-247.01	4.460E-007	2.984E-003
9.400	-247.01	4.463E-007	2.988E-003
9.450	-247.08	4.425E-007	2.938E-003
9.500	-247.22	4.357E-007	2.848E-003
9.550	-247.24	4.343E-007	2.829E-003
9.600	-247.37	4.281E-007	2.748E-003
9.650	-247.56	4.188E-007	2.631E-003
9.700	-247.72	4.112E-007	2.536E-003
9.750	-247.85	4.053E-007	2.463E-003
9.800	-248.05	3.960E-007	2.352E-003
9.850	-248.30	3.846E-007	2.218E-003
9.900	-248.55	3.735E-007	2.092E-003
9.950	-248.65	3.693E-007	2.046E-003
10.000	-248.73	3.659E-007	2.008E-003
10.050	-248.93	3.575E-007	1.917E-003
10.100	-249.08	3.514E-007	1.852E-003
10.150	-249.13	3.495E-007	1.832E-003
10.200	-249.06	3.523E-007	1.862E-003
10.250	-249.01	3.544E-007	1.884E-003
10.300	-249.04	3.531E-007	1.870E-003
10.350	-249.17	3.480E-007	1.817E-003
10.400	-249.27	3.441E-007	1.776E-003
10.450	-249.35	3.408E-007	1.742E-003
10.500	-249.35	3.410E-007	1.744E-003
10.550	-249.41	3.383E-007	1.716E-003
10.600	-249.64	3.295E-007	1.628E-003
10.650	-249.85	3.217E-007	1.553E-003
10.700	-250.04	3.146E-007	1.485E-003
10.750	-250.41	3.018E-007	1.366E-003
10.800	-250.64	2.939E-007	1.296E-003
10.850	-250.69	2.920E-007	1.279E-003
10.900	-250.76	2.897E-007	1.259E-003
10.950	-250.96	2.832E-007	1.203E-003
11.000	-251.27	2.733E-007	1.120E-003
11.050	-251.48	2.667E-007	1.067E-003
11.100	-251.66	2.611E-007	1.023E-003
11.150	-251.71	2.598E-007	1.012E-003
11.200	-251.84	2.558E-007	9.812E-004
11.250	-252.10	2.484E-007	9.258E-004
11.300	-252.17	2.464E-007	9.108E-004
11.350	-251.83	2.563E-007	9.850E-004
11.400	-251.37	2.701E-007	1.094E-003
11.450	-251.15	2.771E-007	1.152E-003
11.500	-250.94	2.837E-007	1.207E-003
11.550	-250.62	2.946E-007	1.301E-003
11.600	-250.18	3.097E-007	1.438E-003
11.650	-249.84	3.219E-007	1.555E-003
11.700	-249.64	3.295E-007	1.629E-003
11.750	-249.54	3.335E-007	1.668E-003
11.800	-249.47	3.359E-007	1.693E-003
11.850	-249.37	3.400E-007	1.734E-003
11.900	-249.36	3.404E-007	1.738E-003
11.950	-249.33	3.416E-007	1.750E-003
12.000	-249.25	3.447E-007	1.782E-003
12.050	-249.21	3.464E-007	1.800E-003
12.100	-249.23	3.454E-007	1.789E-003
12.150	-249.25	3.446E-007	1.781E-003
12.200	-249.28	3.437E-007	1.772E-003
12.250	-249.42	3.381E-007	1.714E-003
12.300	-249.69	3.277E-007	1.610E-003
12.350	-250.03	3.152E-007	1.491E-003
12.400	-250.18	3.098E-007	1.439E-003
12.450	-250.15	3.107E-007	1.448E-003
12.500	-250.22	3.082E-007	1.425E-003
12.550	-250.42	3.013E-007	1.362E-003
12.600	-250.55	2.967E-007	1.321E-003
12.650	-250.66	2.932E-007	1.290E-003
12.700	-250.77	2.894E-007	1.256E-003
12.750	-250.86	2.863E-007	1.230E-003
12.800	-250.99	2.822E-007	1.194E-003
12.850	-250.96	2.830E-007	1.201E-003
12.900	-250.98	2.824E-007	1.196E-003
12.950	-250.94	2.839E-007	1.209E-003
13.000	-250.87	2.861E-007	1.227E-003
13.050	-250.82	2.877E-007	1.242E-003
13.100	-250.74	2.903E-007	1.264E-003
13.150	-250.89	2.856E-007	1.223E-003
13.200	-251.07	2.796E-007	1.172E-003
13.250	-251.30	2.721E-007	1.111E-003
13.300	-251.48	2.667E-007	1.067E-003
13.350	-251.57	2.639E-007	1.045E-003
13.400	-251.43	2.682E-007	1.079E-003
13.450	-251.25	2.738E-007	1.124E-003
13.500	-251.21	2.750E-007	1.135E-003
13.550	-251.31	2.720E-007	1.110E-003
13.600	-251.43	2.681E-007	1.078E-003
13.650	-251.36	2.704E-007	1.096E-003
13.700	-251.29	2.727E-007	1.115E-003
13.750	-251.13	2.776E-007	1.156E-003
13.800	-251.10	2.786E-007	1.165E-003
13.850	-251.21	2.750E-007	1.134E-003
13.900	-251.32	2.717E-007	1.107E-003
13.950	-251.54	2.649E-007	1.053E-003
14.000	-251.60	2.631E-007	1.039E-003
14.050	-251.63	2.621E-007	1.030E-003
14.100	-251.66	2.611E-007	1.022E-003
14.150	-251.74	2.588E-007	1.005E-003
14.200	-251.73	2.590E-007	1.006E-003
14.250	-251.70	2.602E-007	1.015E-003
14.300	-251.65	2.614E-007	1.025E-003
14.350	-251.67	2.609E-007	1.021E-003
14.400	-251.70	2.599E-007	1.013E-003
14.450	-251.91	2.537E-007	9.654E-004
14.500	-251.95	2.528E-007	9.583E-004
14.550	-251.78	2.577E-007	9.958E-004
14.600	-251.79	2.575E-007	9.944E-004
14.650	-251.58	2.635E-007	1.042E-003
14.700	-251.45	2.675E-007	1.073E-003
14.750	-251.48	2.667E-007	1.067E-003
14.800	-251.62	2.624E-007	1.033E-003
14.850	-251.88	2.546E-007	9.723E-004
14.900	-252.13	2.473E-007	9.176E-004
14.950	-252.20	2.454E-007	9.033E-004
15.000	-252.21	2.452E-007	9.019E-004
15.050	-252.18	2.459E-007	9.073E-004
15.100	-252.08	2.489E-007	9.293E-004
15.150	-251.97	2.521E-007	9.535E-004
15.200	-251.81	2.567E-007	9.883E-004
15.250	-251.75	2.584E-007	1.002E-003
15.300	-251.71	2.598E-007	1.012E-003
15.350	-251.74	2.588E-007	1.005E-003
15.400	-251.92	2.534E-007	9.634E-004
15.450	-251.93	2.532E-007	9.614E-004
15.500	-251.90	2.542E-007	9.694E-004
15.550	-251.91	2.538E-007	9.661E-004
15.600	-252.04	2.500E-007	9.378E-004
15.650	-252.05	2.497E-007	9.351E-004
15.700	-252.16	2.466E-007	9.122E-004
15.750	-252.22	2.450E-007	9.005E-004
15.800	-252.33	2.419E-007	8.780E-004
15.850	-252.41	2.396E-007	8.612E-004
15.900	-252.43	2.389E-007	8.563E-004
15.950	-252.38	2.404E-007	8.669E-004
16.000	-252.28	2.433E-007	8.877E-004
16.050	-252.19	2.459E-007	9.068E-004
16.100	-252.09	2.486E-007	9.268E-004
16.150	-252.00	2.512E-007	9.463E-004
16.200	-251.92	2.534E-007	9.634E-004
16.250	-251.87	2.550E-007	9.757E-004
16.300	-251.88	2.548E-007	9.735E-004
16.350	-251.84	2.560E-007	9.827E-004
16.400	-251.91	2.539E-007	9.673E-004
16.450	-252.01	2.510E-007	9.453E-004
16.500	-252.18	2.462E-007	9.088E-004
16.550	-252.04	2.501E-007	9.379E-004
16.600	-252.13	2.474E-007	9.181E-004
16.650	-252.24	2.443E-007	8.954E-004
16.700	-252.41	2.395E-007	8.607E-004
16.750	-252.50	2.371E-007	8.435E-004
16.800	-252.64	2.333E-007	8.161E-004
16.850	-252.89	2.268E-007	7.718E-004
16.900	-253.08	2.219E-007	7.386E-004
16.950	-253.03	2.232E-007	7.472E-004
17.000	-252.93	2.256E-007	7.636E-004
17.050	-252.94	2.253E-007	7.616E-004
17.100	-252.94	2.255E-007	7.625E-004
17.150	-252.82	2.285E-007	7.833E-004
17.200	-252.61	2.340E-007	8.215E-004
17.250	-252.48	2.378E-007	8.484E-004
17.300	-252.37	2.408E-007	8.697E-004
17.350	-252.23	2.445E-007	8.966E-004
17.400	-252.17	2.463E-007	9.100E-004
17.450	-252.18	2.461E-007	9.084E-004
17.500	-252.15	2.469E-007	9.147E-004
17.550	-252.24	2.442E-007	8.946E-004
17.600	-252.37	2.407E-007	8.688E-004
17.650	-252.63	2.336E-007	8.188E-004
17.700	-252.81	2.289E-007	7.858E-004
17.750	-252.89	2.267E-007	7.706E-004
17.800	-252.93	2.256E-007	7.637E-004
17.850	-253.05	2.225E-007	7.428E-004
17.900	-253.09	2.216E-007	7.366E-004
17.950	-252.86	2.274E-007	7.756E-004
18.000	-252.77	2.298E-007	7.919E-004
18.050	-252.73	2.308E-007	7.992E-004
18.100	-252.61	2.342E-007	8.228E-004
18.150	-252.57	2.352E-007	8.297E-004
18.200	-252.61	2.341E-007	8.222E-004
18.250	-252.48	2.378E-007	8.479E-004
18.300	-252.32	2.422E-007	8.799E-004
18.350	-252.25	2.440E-007	8.934E-004
18.400	-252.27	2.436E-007	8.898E-004
18.450	-252.41	2.395E-007	8.605E-004
18.500	-252.68	2.323E-007	8.092E-004
18.550	-252.92	2.260E-007	7.660E-004
18.600	-253.04	2.228E-007	7.443E-004
18.650	-253.17	2.196E-007	7.235E-004
18.700	-253.23	2.181E-007	7.134E-004
18.750	-253.33	2.154E-007	6.962E-004
18.800	-253.28	2.167E-007	7.046E-004
18.850	-253.26	2.174E-007	7.088E-004
18.900	-253.15	2.200E-007	7.262E-004
18.950	-253.10	2.213E-007	7.347E-004
19.000	-252.96	2.249E-007	7.584E-004
19.050	-253.06	2.222E-007	7.408E-004
19.100	-253.24	2.178E-007	7.118E-004
19.150	-253.49	2.117E-007	6.722E-004
19.200	-253.63	2.081E-007	6.497E-004
19.250	-253.83	2.035E-007	6.211E-004
19.300	-254.02	1.990E-007	5.942E-004
19.350	-254.29	1.929E-007	5.581E-004
19.400	-254.23	1.944E-007	5.667E-004
19.450	-253.91	2.016E-007	6.097E-004
19.500	-253.70	2.066E-007	6.403E-004
19.550	-253.63	2.083E-007	6.510E-004
19.600	-253.67	2.072E-007	6.442E-004
19.650	-253.64	2.081E-007	6.494E-004
19.700	-253.46	2.123E-007	6.758E-004
19.750	-253.41	2.136E-007	6.842E-004
19.800	-253.39	2.140E-007	6.869E-004
19.850	-253.42	2.132E-007	6.820E-004
19.900	-253.49	2.116E-007	6.715E-004
19.950	-253.68	2.071E-007	6.431E-004
20.000	-253.95	2.007E-007	6.041E-004
