# Onda Corporation
# Hydrophone Calibration Data
#
Calibration_DATE	21-Jul-2023
#
# Hydrophone description
HYD_MFG	Onda
HYD_MODEL	HNA
HYD_APERTURE_NOM_UM	0400
HYD_SN	1344
HYD_POLARITY	Positive
#
# Attenuator description
ATTEN_MFG	ONDA
ATTEN_MODEL	ATH-2000
ATTEN_SN	1039
ATTEN_GAIN_NOM_DB	-20
ATTEN_BW_MHZ	100
ATTEN_OUTPUT_IMP_NOM_OHMS	50
#
# External preamplifier description
AMP_MFG	ONDA
AMP_MODEL	AH-2010-100
AMP_SN	2040
AMP_GAIN_NOM_DB	20
AMP_BW_MHZ	100
AMP_OUTPUT_IMP_NOM_OHMS	50
#
# Cable/adaptor between hydrophone and preamplifier
CA_BWT_HYD_AMP	AR-AMAF
#
# Environment
ELECTRICAL_LOAD	50Ohms
SOFTWARE_VERSION	1.0.8.0
SYSTEM_SETTING	OndaCombineCal.exe
WATER_TEMP_DEGC	23.50
WATER_RESISTIVITY_MOHMS-CM	7.5
#
# Calibration data
# Freq(MHz) Sens(dB re. 1V/uPa) Sens(V/Pa) Sens(V^2cm^2/W)
#
DATA_FIELDS	4
DATA_FIELD	FREQ_MHZ
DATA_FIELD	SENS_DB
DATA_FIELD	SENS_VPERPA
DATA_FIELD	SENS_V2CM2PERW
# End of file header
HEADER_END	0
1.000	-261.21	8.704E-008	1.136E-004
1.050	-262.24	7.726E-008	8.954E-005
1.100	-261.83	8.099E-008	9.838E-005
1.150	-260.37	9.584E-008	1.378E-004
1.200	-260.87	9.047E-008	1.228E-004
1.250	-261.28	8.626E-008	1.116E-004
1.300	-260.71	9.215E-008	1.274E-004
1.350	-260.32	9.642E-008	1.395E-004
1.400	-260.48	9.462E-008	1.343E-004
1.450	-260.65	9.280E-008	1.292E-004
1.500	-260.35	9.608E-008	1.385E-004
1.550	-260.02	9.983E-008	1.495E-004
1.600	-259.77	1.027E-007	1.582E-004
1.650	-259.44	1.067E-007	1.708E-004
1.700	-259.41	1.070E-007	1.718E-004
1.750	-259.62	1.045E-007	1.637E-004
1.800	-259.68	1.038E-007	1.615E-004
1.850	-259.32	1.082E-007	1.755E-004
1.900	-258.51	1.187E-007	2.115E-004
1.950	-258.42	1.199E-007	2.156E-004
2.000	-258.92	1.133E-007	1.925E-004
2.050	-259.24	1.092E-007	1.787E-004
2.100	-258.67	1.165E-007	2.037E-004
2.150	-257.95	1.266E-007	2.403E-004
2.200	-257.95	1.266E-007	2.403E-004
2.250	-258.57	1.179E-007	2.086E-004
2.300	-258.51	1.187E-007	2.114E-004
2.350	-257.76	1.295E-007	2.514E-004
2.400	-257.63	1.313E-007	2.586E-004
2.450	-258.11	1.243E-007	2.316E-004
2.500	-257.96	1.264E-007	2.398E-004
2.550	-257.53	1.329E-007	2.651E-004
2.600	-257.43	1.344E-007	2.710E-004
2.650	-257.71	1.301E-007	2.540E-004
2.700	-257.97	1.263E-007	2.394E-004
2.750	-257.59	1.320E-007	2.612E-004
2.800	-257.10	1.396E-007	2.923E-004
2.850	-257.06	1.403E-007	2.952E-004
2.900	-257.38	1.353E-007	2.744E-004
2.950	-257.52	1.331E-007	2.656E-004
3.000	-257.25	1.372E-007	2.824E-004
3.050	-256.93	1.424E-007	3.041E-004
3.100	-256.94	1.423E-007	3.037E-004
3.150	-257.16	1.386E-007	2.882E-004
3.200	-257.09	1.398E-007	2.933E-004
3.250	-256.96	1.419E-007	3.022E-004
3.300	-257.04	1.406E-007	2.966E-004
3.350	-256.84	1.438E-007	3.104E-004
3.400	-256.71	1.461E-007	3.202E-004
3.450	-256.85	1.437E-007	3.099E-004
3.500	-256.92	1.426E-007	3.050E-004
3.550	-256.90	1.429E-007	3.065E-004
3.600	-256.70	1.463E-007	3.209E-004
3.650	-256.57	1.484E-007	3.306E-004
3.700	-256.69	1.464E-007	3.216E-004
3.750	-256.79	1.448E-007	3.143E-004
3.800	-256.67	1.468E-007	3.231E-004
3.850	-256.54	1.489E-007	3.328E-004
3.900	-256.52	1.492E-007	3.339E-004
3.950	-256.57	1.485E-007	3.308E-004
4.000	-256.63	1.473E-007	3.257E-004
4.050	-256.62	1.475E-007	3.264E-004
4.100	-256.60	1.480E-007	3.284E-004
4.150	-256.68	1.466E-007	3.225E-004
4.200	-256.65	1.471E-007	3.244E-004
4.250	-256.51	1.494E-007	3.349E-004
4.300	-256.48	1.499E-007	3.373E-004
4.350	-256.65	1.471E-007	3.244E-004
4.400	-256.83	1.440E-007	3.110E-004
4.450	-256.70	1.463E-007	3.209E-004
4.500	-256.52	1.493E-007	3.344E-004
4.550	-256.56	1.486E-007	3.313E-004
4.600	-256.61	1.478E-007	3.277E-004
4.650	-256.56	1.486E-007	3.312E-004
4.700	-256.47	1.501E-007	3.379E-004
4.750	-256.44	1.506E-007	3.402E-004
4.800	-256.47	1.502E-007	3.382E-004
4.850	-256.44	1.506E-007	3.402E-004
4.900	-256.43	1.508E-007	3.409E-004
4.950	-256.55	1.488E-007	3.323E-004
5.000	-256.59	1.481E-007	3.292E-004
5.050	-256.59	1.480E-007	3.288E-004
5.100	-256.65	1.471E-007	3.245E-004
5.150	-256.67	1.467E-007	3.229E-004
5.200	-256.69	1.465E-007	3.217E-004
5.250	-256.67	1.467E-007	3.229E-004
5.300	-256.65	1.471E-007	3.248E-004
5.350	-256.65	1.471E-007	3.244E-004
5.400	-256.62	1.476E-007	3.267E-004
5.450	-256.58	1.483E-007	3.297E-004
5.500	-256.56	1.486E-007	3.313E-004
5.550	-256.49	1.497E-007	3.363E-004
5.600	-256.46	1.504E-007	3.391E-004
5.650	-256.44	1.507E-007	3.406E-004
5.700	-256.46	1.503E-007	3.387E-004
5.750	-256.50	1.496E-007	3.355E-004
5.800	-256.47	1.502E-007	3.382E-004
5.850	-256.47	1.502E-007	3.382E-004
5.900	-256.51	1.494E-007	3.347E-004
5.950	-256.55	1.488E-007	3.323E-004
6.000	-256.52	1.493E-007	3.342E-004
6.050	-256.40	1.514E-007	3.437E-004
6.100	-256.34	1.523E-007	3.480E-004
6.150	-256.26	1.538E-007	3.548E-004
6.200	-256.20	1.548E-007	3.596E-004
6.250	-256.18	1.553E-007	3.617E-004
6.300	-256.12	1.564E-007	3.669E-004
6.350	-256.08	1.570E-007	3.698E-004
6.400	-256.07	1.572E-007	3.706E-004
6.450	-255.98	1.588E-007	3.784E-004
6.500	-255.93	1.597E-007	3.826E-004
6.550	-255.93	1.598E-007	3.830E-004
6.600	-255.87	1.608E-007	3.880E-004
6.650	-255.87	1.608E-007	3.880E-004
6.700	-255.92	1.599E-007	3.834E-004
6.750	-255.92	1.600E-007	3.838E-004
6.800	-255.90	1.603E-007	3.855E-004
6.850	-255.85	1.613E-007	3.900E-004
6.900	-255.85	1.613E-007	3.904E-004
6.950	-255.82	1.619E-007	3.929E-004
7.000	-255.77	1.627E-007	3.972E-004
7.050	-255.79	1.624E-007	3.954E-004
7.100	-255.78	1.625E-007	3.963E-004
7.150	-255.78	1.626E-007	3.967E-004
7.200	-255.80	1.622E-007	3.946E-004
7.250	-255.63	1.654E-007	4.104E-004
7.300	-255.58	1.663E-007	4.148E-004
7.350	-255.59	1.662E-007	4.143E-004
7.400	-255.47	1.684E-007	4.252E-004
7.450	-255.37	1.704E-007	4.353E-004
7.500	-255.37	1.703E-007	4.353E-004
7.550	-255.42	1.695E-007	4.308E-004
7.600	-255.48	1.682E-007	4.246E-004
7.650	-255.48	1.683E-007	4.246E-004
7.700	-255.52	1.675E-007	4.207E-004
7.750	-255.65	1.650E-007	4.081E-004
7.800	-255.75	1.630E-007	3.987E-004
7.850	-255.84	1.614E-007	3.906E-004
7.900	-255.88	1.607E-007	3.871E-004
7.950	-255.80	1.622E-007	3.947E-004
8.000	-255.78	1.625E-007	3.960E-004
8.050	-255.78	1.626E-007	3.967E-004
8.100	-255.79	1.624E-007	3.958E-004
8.150	-255.73	1.636E-007	4.013E-004
8.200	-255.65	1.649E-007	4.081E-004
8.250	-255.62	1.656E-007	4.112E-004
8.300	-255.65	1.650E-007	4.083E-004
8.350	-255.65	1.651E-007	4.086E-004
8.400	-255.66	1.649E-007	4.077E-004
8.450	-255.64	1.651E-007	4.090E-004
8.500	-255.65	1.649E-007	4.080E-004
8.550	-255.69	1.642E-007	4.046E-004
8.600	-255.70	1.641E-007	4.037E-004
8.650	-255.70	1.641E-007	4.038E-004
8.700	-255.71	1.639E-007	4.029E-004
8.750	-255.73	1.635E-007	4.012E-004
8.800	-255.84	1.614E-007	3.906E-004
8.850	-255.88	1.608E-007	3.876E-004
8.900	-255.84	1.614E-007	3.910E-004
8.950	-255.89	1.605E-007	3.864E-004
9.000	-256.05	1.576E-007	3.727E-004
9.050	-256.12	1.562E-007	3.662E-004
9.100	-256.10	1.566E-007	3.678E-004
9.150	-256.04	1.577E-007	3.731E-004
9.200	-256.13	1.561E-007	3.653E-004
9.250	-256.22	1.545E-007	3.580E-004
9.300	-256.21	1.547E-007	3.588E-004
9.350	-256.15	1.558E-007	3.640E-004
9.400	-256.10	1.567E-007	3.685E-004
9.450	-256.07	1.573E-007	3.709E-004
9.500	-256.07	1.572E-007	3.705E-004
9.550	-256.03	1.580E-007	3.746E-004
9.600	-256.02	1.582E-007	3.754E-004
9.650	-256.13	1.562E-007	3.660E-004
9.700	-256.25	1.540E-007	3.559E-004
9.750	-256.37	1.519E-007	3.460E-004
9.800	-256.43	1.508E-007	3.413E-004
9.850	-256.39	1.515E-007	3.444E-004
9.900	-256.42	1.511E-007	3.424E-004
9.950	-256.50	1.495E-007	3.354E-004
10.000	-256.53	1.491E-007	3.335E-004
10.050	-256.55	1.488E-007	3.322E-004
10.100	-256.52	1.493E-007	3.345E-004
10.150	-256.47	1.501E-007	3.379E-004
10.200	-256.53	1.490E-007	3.331E-004
10.250	-256.61	1.477E-007	3.273E-004
10.300	-256.66	1.469E-007	3.238E-004
10.350	-256.74	1.455E-007	3.177E-004
10.400	-256.87	1.434E-007	3.083E-004
10.450	-257.11	1.395E-007	2.917E-004
10.500	-257.36	1.355E-007	2.753E-004
10.550	-257.48	1.337E-007	2.680E-004
10.600	-257.44	1.343E-007	2.707E-004
10.650	-257.37	1.353E-007	2.748E-004
10.700	-257.32	1.362E-007	2.782E-004
10.750	-257.25	1.372E-007	2.824E-004
10.800	-257.14	1.390E-007	2.898E-004
10.850	-257.10	1.396E-007	2.922E-004
10.900	-257.14	1.390E-007	2.896E-004
10.950	-257.18	1.383E-007	2.871E-004
11.000	-257.20	1.381E-007	2.859E-004
11.050	-257.24	1.374E-007	2.833E-004
11.100	-257.29	1.366E-007	2.799E-004
11.150	-257.41	1.348E-007	2.724E-004
11.200	-257.55	1.326E-007	2.636E-004
11.250	-257.62	1.315E-007	2.594E-004
11.300	-257.66	1.309E-007	2.569E-004
11.350	-257.65	1.311E-007	2.577E-004
11.400	-257.63	1.314E-007	2.589E-004
11.450	-257.71	1.301E-007	2.541E-004
11.500	-257.79	1.289E-007	2.492E-004
11.550	-257.76	1.294E-007	2.511E-004
11.600	-257.80	1.288E-007	2.489E-004
11.650	-257.90	1.273E-007	2.432E-004
11.700	-258.01	1.258E-007	2.372E-004
11.750	-258.10	1.245E-007	2.326E-004
11.800	-258.21	1.229E-007	2.267E-004
11.850	-258.25	1.223E-007	2.244E-004
11.900	-258.16	1.236E-007	2.293E-004
11.950	-258.01	1.258E-007	2.375E-004
12.000	-257.97	1.264E-007	2.396E-004
12.050	-258.10	1.244E-007	2.321E-004
12.100	-258.36	1.208E-007	2.189E-004
12.150	-258.60	1.175E-007	2.070E-004
12.200	-258.76	1.154E-007	1.998E-004
12.250	-258.83	1.144E-007	1.962E-004
12.300	-258.87	1.139E-007	1.947E-004
12.350	-258.98	1.125E-007	1.898E-004
12.400	-259.11	1.108E-007	1.843E-004
12.450	-259.14	1.104E-007	1.828E-004
12.500	-259.11	1.108E-007	1.842E-004
12.550	-259.09	1.110E-007	1.848E-004
12.600	-259.05	1.116E-007	1.868E-004
12.650	-258.92	1.133E-007	1.925E-004
12.700	-258.86	1.140E-007	1.951E-004
12.750	-258.85	1.142E-007	1.956E-004
12.800	-258.85	1.142E-007	1.956E-004
12.850	-258.97	1.127E-007	1.904E-004
12.900	-259.16	1.102E-007	1.821E-004
12.950	-259.39	1.073E-007	1.726E-004
13.000	-259.64	1.043E-007	1.631E-004
13.050	-259.82	1.021E-007	1.564E-004
13.100	-259.84	1.018E-007	1.556E-004
13.150	-259.72	1.033E-007	1.600E-004
13.200	-259.56	1.052E-007	1.661E-004
13.250	-259.49	1.061E-007	1.688E-004
13.300	-259.51	1.058E-007	1.679E-004
13.350	-259.64	1.043E-007	1.630E-004
13.400	-259.84	1.019E-007	1.556E-004
13.450	-259.97	1.003E-007	1.509E-004
13.500	-260.03	9.961E-008	1.488E-004
13.550	-260.12	9.858E-008	1.458E-004
13.600	-260.25	9.720E-008	1.417E-004
13.650	-260.52	9.420E-008	1.331E-004
13.700	-261.07	8.840E-008	1.172E-004
13.750	-261.68	8.242E-008	1.019E-004
13.800	-262.09	7.859E-008	9.265E-005
13.850	-262.12	7.831E-008	9.198E-005
13.900	-261.96	7.978E-008	9.547E-005
13.950	-261.81	8.120E-008	9.890E-005
14.000	-261.62	8.296E-008	1.032E-004
14.050	-261.48	8.432E-008	1.067E-004
14.100	-261.44	8.476E-008	1.078E-004
14.150	-261.52	8.396E-008	1.057E-004
14.200	-261.76	8.166E-008	1.000E-004
14.250	-261.92	8.019E-008	9.646E-005
14.300	-262.00	7.945E-008	9.468E-005
14.350	-262.12	7.837E-008	9.212E-005
14.400	-262.09	7.858E-008	9.262E-005
14.450	-261.95	7.989E-008	9.573E-005
14.500	-261.86	8.071E-008	9.772E-005
14.550	-261.96	7.984E-008	9.563E-005
14.600	-262.16	7.798E-008	9.121E-005
14.650	-262.41	7.579E-008	8.616E-005
14.700	-262.56	7.449E-008	8.324E-005
14.750	-262.59	7.421E-008	8.261E-005
14.800	-262.48	7.518E-008	8.479E-005
14.850	-262.42	7.568E-008	8.592E-005
14.900	-262.52	7.483E-008	8.400E-005
14.950	-262.60	7.411E-008	8.238E-005
15.000	-262.63	7.391E-008	8.194E-005
15.050	-262.67	7.357E-008	8.119E-005
15.100	-262.69	7.338E-008	8.077E-005
15.150	-262.71	7.317E-008	8.030E-005
15.200	-262.83	7.219E-008	7.816E-005
15.250	-263.10	6.998E-008	7.346E-005
15.300	-263.37	6.786E-008	6.908E-005
15.350	-263.65	6.571E-008	6.476E-005
15.400	-263.55	6.642E-008	6.618E-005
15.450	-263.50	6.681E-008	6.696E-005
15.500	-263.44	6.726E-008	6.786E-005
15.550	-263.41	6.750E-008	6.834E-005
15.600	-263.52	6.666E-008	6.666E-005
15.650	-263.79	6.462E-008	6.264E-005
15.700	-263.94	6.350E-008	6.049E-005
15.750	-263.87	6.408E-008	6.160E-005
15.800	-263.66	6.558E-008	6.451E-005
15.850	-263.38	6.779E-008	6.893E-005
15.900	-263.20	6.916E-008	7.175E-005
15.950	-263.14	6.969E-008	7.285E-005
16.000	-263.22	6.900E-008	7.141E-005
16.050	-263.40	6.759E-008	6.852E-005
16.100	-263.48	6.696E-008	6.726E-005
16.150	-263.48	6.698E-008	6.729E-005
16.200	-263.30	6.839E-008	7.015E-005
16.250	-263.11	6.993E-008	7.336E-005
16.300	-263.04	7.043E-008	7.441E-005
16.350	-263.04	7.046E-008	7.447E-005
16.400	-263.09	7.005E-008	7.360E-005
16.450	-263.16	6.953E-008	7.251E-005
16.500	-263.24	6.885E-008	7.110E-005
16.550	-263.41	6.750E-008	6.834E-005
16.600	-263.52	6.665E-008	6.664E-005
16.650	-263.58	6.624E-008	6.581E-005
16.700	-263.58	6.625E-008	6.583E-005
16.750	-263.56	6.639E-008	6.611E-005
16.800	-263.57	6.628E-008	6.589E-005
16.850	-263.60	6.608E-008	6.550E-005
16.900	-263.59	6.618E-008	6.570E-005
16.950	-263.18	6.931E-008	7.206E-005
17.000	-263.06	7.034E-008	7.422E-005
17.050	-263.01	7.071E-008	7.500E-005
17.100	-263.04	7.050E-008	7.456E-005
17.150	-263.11	6.990E-008	7.329E-005
17.200	-263.17	6.941E-008	7.227E-005
17.250	-263.34	6.808E-008	6.953E-005
17.300	-263.33	6.812E-008	6.960E-005
17.350	-263.10	7.001E-008	7.352E-005
17.400	-262.82	7.230E-008	7.841E-005
17.450	-262.67	7.352E-008	8.107E-005
17.500	-262.74	7.298E-008	7.989E-005
17.550	-262.85	7.205E-008	7.787E-005
17.600	-263.00	7.081E-008	7.520E-005
17.650	-263.14	6.966E-008	7.278E-005
17.700	-263.37	6.784E-008	6.903E-005
17.750	-263.54	6.652E-008	6.638E-005
17.800	-263.54	6.651E-008	6.635E-005
17.850	-263.53	6.663E-008	6.659E-005
17.900	-263.35	6.801E-008	6.938E-005
17.950	-263.25	6.881E-008	7.101E-005
18.000	-263.35	6.802E-008	6.941E-005
18.050	-263.42	6.744E-008	6.821E-005
18.100	-263.43	6.736E-008	6.805E-005
18.150	-263.44	6.733E-008	6.800E-005
18.200	-263.49	6.693E-008	6.720E-005
18.250	-263.54	6.649E-008	6.632E-005
18.300	-263.57	6.626E-008	6.587E-005
18.350	-263.63	6.582E-008	6.497E-005
18.400	-263.62	6.589E-008	6.512E-005
18.450	-263.57	6.627E-008	6.587E-005
18.500	-263.36	6.788E-008	6.912E-005
18.550	-263.22	6.902E-008	7.145E-005
18.600	-263.36	6.795E-008	6.926E-005
18.650	-263.56	6.634E-008	6.602E-005
18.700	-263.63	6.583E-008	6.501E-005
18.750	-263.68	6.547E-008	6.429E-005
18.800	-263.87	6.404E-008	6.151E-005
18.850	-263.87	6.407E-008	6.157E-005
18.900	-263.79	6.465E-008	6.270E-005
18.950	-263.77	6.476E-008	6.291E-005
19.000	-263.78	6.468E-008	6.276E-005
19.050	-263.76	6.489E-008	6.315E-005
19.100	-263.67	6.557E-008	6.448E-005
19.150	-263.57	6.631E-008	6.595E-005
19.200	-263.47	6.707E-008	6.747E-005
19.250	-263.38	6.775E-008	6.886E-005
19.300	-263.32	6.820E-008	6.977E-005
19.350	-263.34	6.811E-008	6.959E-005
19.400	-263.32	6.822E-008	6.980E-005
19.450	-263.22	6.899E-008	7.138E-005
19.500	-263.32	6.824E-008	6.985E-005
19.550	-263.50	6.680E-008	6.694E-005
19.600	-263.63	6.582E-008	6.499E-005
19.650	-263.67	6.556E-008	6.447E-005
19.700	-263.70	6.532E-008	6.399E-005
19.750	-263.66	6.558E-008	6.452E-005
19.800	-263.57	6.627E-008	6.588E-005
19.850	-263.70	6.528E-008	6.393E-005
19.900	-263.68	6.543E-008	6.422E-005
19.950	-263.64	6.575E-008	6.484E-005
20.000	-263.60	6.608E-008	6.549E-005
