# Onda Corporation
# Hydrophone Calibration Data
#
Calibration_DATE	21-Jul-2023
#
# Hydrophone description
HYD_MFG	Onda
HYD_MODEL	HNA
HYD_APERTURE_NOM_UM	0400
HYD_SN	1344
HYD_POLARITY	Positive
#
# External preamplifier description
AMP_MFG	ONDA
AMP_MODEL	AH-2010-100
AMP_SN	2040
AMP_GAIN_NOM_DB	20
AMP_BW_MHZ	100
AMP_OUTPUT_IMP_NOM_OHMS	50
#
# Cable/adaptor between hydrophone and preamplifier
CA_BWT_HYD_AMP	AR-AMAF
#
# Environment
ELECTRICAL_LOAD	50Ohms
SOFTWARE_VERSION	1.0.8.0
SYSTEM_SETTING	OndaCombineCal (4).exe
WATER_TEMP_DEGC	23.50
WATER_RESISTIVITY_MOHMS-CM	7.5
#
# Calibration data
# Freq(MHz) Sens(dB re. 1V/uPa) Sens(V/Pa) Sens(V^2cm^2/W)
#
DATA_FIELDS	4
DATA_FIELD	FREQ_MHZ
DATA_FIELD	SENS_DB
DATA_FIELD	SENS_VPERPA
DATA_FIELD	SENS_V2CM2PERW
# End of file header
HEADER_END	0
1.000	-240.92	8.991E-007	1.212E-002
1.050	-241.96	7.976E-007	9.542E-003
1.100	-241.56	8.356E-007	1.047E-002
1.150	-240.09	9.894E-007	1.468E-002
1.200	-240.59	9.345E-007	1.310E-002
1.250	-241.00	8.910E-007	1.191E-002
1.300	-240.43	9.518E-007	1.359E-002
1.350	-240.04	9.959E-007	1.488E-002
1.400	-240.20	9.773E-007	1.433E-002
1.450	-240.36	9.591E-007	1.380E-002
1.500	-240.06	9.936E-007	1.481E-002
1.550	-239.73	1.032E-006	1.597E-002
1.600	-239.49	1.061E-006	1.688E-002
1.650	-239.15	1.102E-006	1.823E-002
1.700	-239.13	1.106E-006	1.833E-002
1.750	-239.33	1.080E-006	1.749E-002
1.800	-239.39	1.073E-006	1.727E-002
1.850	-239.03	1.118E-006	1.877E-002
1.900	-238.22	1.228E-006	2.261E-002
1.950	-238.13	1.240E-006	2.306E-002
2.000	-238.62	1.172E-006	2.059E-002
2.050	-238.95	1.129E-006	1.911E-002
2.100	-238.38	1.205E-006	2.179E-002
2.150	-237.66	1.309E-006	2.570E-002
2.200	-237.66	1.309E-006	2.569E-002
2.250	-238.27	1.220E-006	2.233E-002
2.300	-238.21	1.229E-006	2.265E-002
2.350	-237.46	1.339E-006	2.691E-002
2.400	-237.34	1.358E-006	2.765E-002
2.450	-237.82	1.285E-006	2.476E-002
2.500	-237.67	1.307E-006	2.563E-002
2.550	-237.24	1.375E-006	2.834E-002
2.600	-237.14	1.390E-006	2.898E-002
2.650	-237.42	1.345E-006	2.715E-002
2.700	-237.68	1.306E-006	2.560E-002
2.750	-237.30	1.364E-006	2.793E-002
2.800	-236.81	1.443E-006	3.125E-002
2.850	-236.77	1.451E-006	3.156E-002
2.900	-237.09	1.399E-006	2.934E-002
2.950	-237.22	1.377E-006	2.843E-002
3.000	-236.95	1.420E-006	3.026E-002
3.050	-236.62	1.475E-006	3.263E-002
3.100	-236.63	1.475E-006	3.263E-002
3.150	-236.86	1.436E-006	3.092E-002
3.200	-236.79	1.448E-006	3.143E-002
3.250	-236.65	1.470E-006	3.242E-002
3.300	-236.73	1.457E-006	3.186E-002
3.350	-236.54	1.490E-006	3.330E-002
3.400	-236.41	1.513E-006	3.432E-002
3.450	-236.55	1.488E-006	3.321E-002
3.500	-236.62	1.476E-006	3.268E-002
3.550	-236.60	1.480E-006	3.284E-002
3.600	-236.40	1.514E-006	3.439E-002
3.650	-236.27	1.537E-006	3.542E-002
3.700	-236.39	1.516E-006	3.447E-002
3.750	-236.48	1.499E-006	3.372E-002
3.800	-236.36	1.521E-006	3.471E-002
3.850	-236.23	1.543E-006	3.570E-002
3.900	-236.22	1.544E-006	3.578E-002
3.950	-236.27	1.537E-006	3.544E-002
4.000	-236.33	1.525E-006	3.489E-002
4.050	-236.32	1.527E-006	3.497E-002
4.100	-236.30	1.531E-006	3.518E-002
4.150	-236.38	1.518E-006	3.456E-002
4.200	-236.35	1.522E-006	3.476E-002
4.250	-236.21	1.547E-006	3.588E-002
4.300	-236.18	1.552E-006	3.613E-002
4.350	-236.35	1.522E-006	3.475E-002
4.400	-236.53	1.490E-006	3.332E-002
4.450	-236.39	1.515E-006	3.442E-002
4.500	-236.21	1.547E-006	3.591E-002
4.550	-236.25	1.539E-006	3.553E-002
4.600	-236.31	1.530E-006	3.511E-002
4.650	-236.26	1.538E-006	3.549E-002
4.700	-236.17	1.553E-006	3.620E-002
4.750	-236.14	1.559E-006	3.645E-002
4.800	-236.17	1.554E-006	3.624E-002
4.850	-236.14	1.559E-006	3.645E-002
4.900	-236.13	1.561E-006	3.653E-002
4.950	-236.24	1.541E-006	3.564E-002
5.000	-236.28	1.535E-006	3.535E-002
5.050	-236.28	1.534E-006	3.530E-002
5.100	-236.34	1.524E-006	3.485E-002
5.150	-236.36	1.520E-006	3.468E-002
5.200	-236.38	1.518E-006	3.455E-002
5.250	-236.36	1.520E-006	3.467E-002
5.300	-236.34	1.525E-006	3.488E-002
5.350	-236.34	1.524E-006	3.483E-002
5.400	-236.31	1.529E-006	3.507E-002
5.450	-236.28	1.535E-006	3.536E-002
5.500	-236.26	1.538E-006	3.548E-002
5.550	-236.19	1.551E-006	3.607E-002
5.600	-236.15	1.558E-006	3.640E-002
5.650	-236.13	1.561E-006	3.657E-002
5.700	-236.15	1.557E-006	3.636E-002
5.750	-236.20	1.550E-006	3.602E-002
5.800	-236.16	1.556E-006	3.631E-002
5.850	-236.16	1.556E-006	3.631E-002
5.900	-236.21	1.548E-006	3.593E-002
5.950	-236.24	1.541E-006	3.564E-002
6.000	-236.22	1.545E-006	3.580E-002
6.050	-236.10	1.567E-006	3.681E-002
6.100	-236.05	1.576E-006	3.728E-002
6.150	-235.96	1.593E-006	3.805E-002
6.200	-235.89	1.604E-006	3.861E-002
6.250	-235.87	1.609E-006	3.883E-002
6.300	-235.81	1.621E-006	3.940E-002
6.350	-235.77	1.627E-006	3.970E-002
6.400	-235.76	1.629E-006	3.979E-002
6.450	-235.67	1.646E-006	4.063E-002
6.500	-235.63	1.655E-006	4.107E-002
6.550	-235.62	1.656E-006	4.111E-002
6.600	-235.56	1.666E-006	4.165E-002
6.650	-235.56	1.666E-006	4.165E-002
6.700	-235.62	1.656E-006	4.115E-002
6.750	-235.61	1.657E-006	4.120E-002
6.800	-235.59	1.661E-006	4.137E-002
6.850	-235.54	1.671E-006	4.186E-002
6.900	-235.54	1.671E-006	4.190E-002
6.950	-235.51	1.677E-006	4.217E-002
7.000	-235.46	1.686E-006	4.262E-002
7.050	-235.48	1.682E-006	4.244E-002
7.100	-235.47	1.684E-006	4.252E-002
7.150	-235.47	1.685E-006	4.257E-002
7.200	-235.49	1.680E-006	4.235E-002
7.250	-235.32	1.714E-006	4.404E-002
7.300	-235.28	1.723E-006	4.451E-002
7.350	-235.29	1.721E-006	4.441E-002
7.400	-235.18	1.742E-006	4.553E-002
7.450	-235.07	1.764E-006	4.666E-002
7.500	-235.07	1.765E-006	4.671E-002
7.550	-235.11	1.756E-006	4.623E-002
7.600	-235.17	1.743E-006	4.557E-002
7.650	-235.18	1.742E-006	4.552E-002
7.700	-235.22	1.733E-006	4.505E-002
7.750	-235.36	1.707E-006	4.370E-002
7.800	-235.46	1.687E-006	4.269E-002
7.850	-235.54	1.671E-006	4.186E-002
7.900	-235.58	1.664E-006	4.154E-002
7.950	-235.49	1.680E-006	4.236E-002
8.000	-235.48	1.683E-006	4.249E-002
8.050	-235.46	1.686E-006	4.262E-002
8.100	-235.47	1.685E-006	4.257E-002
8.150	-235.41	1.696E-006	4.316E-002
8.200	-235.34	1.711E-006	4.390E-002
8.250	-235.31	1.716E-006	4.417E-002
8.300	-235.35	1.709E-006	4.380E-002
8.350	-235.34	1.710E-006	4.384E-002
8.400	-235.35	1.708E-006	4.374E-002
8.450	-235.33	1.711E-006	4.393E-002
8.500	-235.34	1.710E-006	4.388E-002
8.550	-235.38	1.703E-006	4.351E-002
8.600	-235.38	1.701E-006	4.342E-002
8.650	-235.39	1.700E-006	4.337E-002
8.700	-235.40	1.698E-006	4.323E-002
8.750	-235.42	1.694E-006	4.304E-002
8.800	-235.54	1.671E-006	4.190E-002
8.850	-235.57	1.665E-006	4.159E-002
8.900	-235.53	1.672E-006	4.195E-002
8.950	-235.59	1.662E-006	4.145E-002
9.000	-235.74	1.633E-006	3.999E-002
9.050	-235.82	1.618E-006	3.929E-002
9.100	-235.80	1.622E-006	3.946E-002
9.150	-235.73	1.634E-006	4.007E-002
9.200	-235.82	1.618E-006	3.928E-002
9.250	-235.91	1.602E-006	3.850E-002
9.300	-235.90	1.604E-006	3.859E-002
9.350	-235.83	1.615E-006	3.915E-002
9.400	-235.78	1.625E-006	3.962E-002
9.450	-235.75	1.631E-006	3.989E-002
9.500	-235.76	1.630E-006	3.984E-002
9.550	-235.71	1.639E-006	4.028E-002
9.600	-235.70	1.640E-006	4.037E-002
9.650	-235.81	1.620E-006	3.935E-002
9.700	-235.93	1.597E-006	3.826E-002
9.750	-236.06	1.574E-006	3.715E-002
9.800	-236.13	1.562E-006	3.661E-002
9.850	-236.09	1.569E-006	3.694E-002
9.900	-236.11	1.565E-006	3.673E-002
9.950	-236.20	1.549E-006	3.598E-002
10.000	-236.23	1.544E-006	3.577E-002
10.050	-236.24	1.541E-006	3.564E-002
10.100	-236.21	1.547E-006	3.588E-002
10.150	-236.17	1.554E-006	3.624E-002
10.200	-236.23	1.543E-006	3.573E-002
10.250	-236.31	1.530E-006	3.511E-002
10.300	-236.35	1.522E-006	3.473E-002
10.350	-236.44	1.507E-006	3.407E-002
10.400	-236.57	1.485E-006	3.306E-002
10.450	-236.81	1.444E-006	3.129E-002
10.500	-237.06	1.403E-006	2.953E-002
10.550	-237.18	1.384E-006	2.874E-002
10.600	-237.13	1.391E-006	2.903E-002
10.650	-237.07	1.402E-006	2.947E-002
10.700	-237.01	1.410E-006	2.984E-002
10.750	-236.95	1.421E-006	3.029E-002
10.800	-236.84	1.439E-006	3.108E-002
10.850	-236.80	1.446E-006	3.134E-002
10.900	-236.84	1.439E-006	3.107E-002
10.950	-236.88	1.433E-006	3.079E-002
11.000	-236.89	1.430E-006	3.067E-002
11.050	-236.93	1.423E-006	3.039E-002
11.100	-236.98	1.415E-006	3.004E-002
11.150	-237.10	1.396E-006	2.924E-002
11.200	-237.24	1.374E-006	2.830E-002
11.250	-237.31	1.363E-006	2.785E-002
11.300	-237.35	1.356E-006	2.759E-002
11.350	-237.34	1.359E-006	2.769E-002
11.400	-237.32	1.362E-006	2.782E-002
11.450	-237.40	1.349E-006	2.730E-002
11.500	-237.48	1.336E-006	2.679E-002
11.550	-237.45	1.342E-006	2.700E-002
11.600	-237.48	1.336E-006	2.677E-002
11.650	-237.58	1.321E-006	2.616E-002
11.700	-237.69	1.304E-006	2.552E-002
11.750	-237.78	1.292E-006	2.503E-002
11.800	-237.89	1.275E-006	2.440E-002
11.850	-237.93	1.269E-006	2.415E-002
11.900	-237.84	1.283E-006	2.469E-002
11.950	-237.68	1.306E-006	2.558E-002
12.000	-237.64	1.312E-006	2.581E-002
12.050	-237.78	1.291E-006	2.500E-002
12.100	-238.04	1.254E-006	2.357E-002
12.150	-238.28	1.219E-006	2.228E-002
12.200	-238.44	1.197E-006	2.150E-002
12.250	-238.52	1.186E-006	2.111E-002
12.300	-238.55	1.182E-006	2.095E-002
12.350	-238.66	1.166E-006	2.041E-002
12.400	-238.79	1.149E-006	1.981E-002
12.450	-238.83	1.145E-006	1.965E-002
12.500	-238.79	1.149E-006	1.980E-002
12.550	-238.78	1.150E-006	1.985E-002
12.600	-238.74	1.156E-006	2.006E-002
12.650	-238.61	1.174E-006	2.067E-002
12.700	-238.55	1.182E-006	2.095E-002
12.750	-238.54	1.183E-006	2.100E-002
12.800	-238.54	1.183E-006	2.099E-002
12.850	-238.66	1.167E-006	2.042E-002
12.900	-238.85	1.141E-006	1.953E-002
12.950	-239.09	1.111E-006	1.850E-002
13.000	-239.34	1.080E-006	1.748E-002
13.050	-239.52	1.057E-006	1.677E-002
13.100	-239.54	1.055E-006	1.668E-002
13.150	-239.42	1.070E-006	1.716E-002
13.200	-239.25	1.090E-006	1.782E-002
13.250	-239.18	1.099E-006	1.810E-002
13.300	-239.21	1.096E-006	1.801E-002
13.350	-239.33	1.080E-006	1.749E-002
13.400	-239.53	1.055E-006	1.670E-002
13.450	-239.67	1.039E-006	1.619E-002
13.500	-239.73	1.032E-006	1.597E-002
13.550	-239.82	1.021E-006	1.564E-002
13.600	-239.94	1.007E-006	1.521E-002
13.650	-240.21	9.760E-007	1.429E-002
13.700	-240.76	9.159E-007	1.258E-002
13.750	-241.37	8.540E-007	1.094E-002
13.800	-241.78	8.144E-007	9.948E-003
13.850	-241.81	8.115E-007	9.878E-003
13.900	-241.65	8.268E-007	1.025E-002
13.950	-241.50	8.416E-007	1.062E-002
14.000	-241.31	8.599E-007	1.109E-002
14.050	-241.17	8.740E-007	1.146E-002
14.100	-241.13	8.785E-007	1.158E-002
14.150	-241.21	8.702E-007	1.136E-002
14.200	-241.45	8.464E-007	1.075E-002
14.250	-241.61	8.311E-007	1.036E-002
14.300	-241.69	8.234E-007	1.017E-002
14.350	-241.81	8.122E-007	9.895E-003
14.400	-241.78	8.144E-007	9.949E-003
14.450	-241.64	8.280E-007	1.028E-002
14.500	-241.55	8.365E-007	1.050E-002
14.550	-241.64	8.275E-007	1.027E-002
14.600	-241.85	8.082E-007	9.797E-003
14.650	-242.10	7.855E-007	9.254E-003
14.700	-242.25	7.720E-007	8.941E-003
14.750	-242.28	7.691E-007	8.873E-003
14.800	-242.17	7.792E-007	9.106E-003
14.850	-242.11	7.844E-007	9.228E-003
14.900	-242.21	7.755E-007	9.021E-003
14.950	-242.29	7.680E-007	8.847E-003
15.000	-242.32	7.660E-007	8.800E-003
15.050	-242.36	7.624E-007	8.719E-003
15.100	-242.38	7.605E-007	8.675E-003
15.150	-242.40	7.583E-007	8.624E-003
15.200	-242.52	7.481E-007	8.395E-003
15.250	-242.79	7.252E-007	7.889E-003
15.300	-243.06	7.033E-007	7.419E-003
15.350	-243.34	6.809E-007	6.955E-003
15.400	-243.24	6.883E-007	7.107E-003
15.450	-243.19	6.924E-007	7.191E-003
15.500	-243.13	6.971E-007	7.288E-003
15.550	-243.10	6.995E-007	7.340E-003
15.600	-243.21	6.908E-007	7.159E-003
15.650	-243.48	6.697E-007	6.728E-003
15.700	-243.63	6.581E-007	6.497E-003
15.750	-243.56	6.641E-007	6.616E-003
15.800	-243.35	6.796E-007	6.929E-003
15.850	-243.07	7.025E-007	7.403E-003
15.900	-242.89	7.168E-007	7.706E-003
15.950	-242.83	7.222E-007	7.824E-003
16.000	-242.91	7.150E-007	7.669E-003
16.050	-243.09	7.005E-007	7.360E-003
16.100	-243.17	6.940E-007	7.225E-003
16.150	-243.17	6.942E-007	7.229E-003
16.200	-242.99	7.089E-007	7.537E-003
16.250	-242.79	7.249E-007	7.882E-003
16.300	-242.73	7.302E-007	7.997E-003
16.350	-242.73	7.304E-007	8.003E-003
16.400	-242.78	7.262E-007	7.911E-003
16.450	-242.84	7.208E-007	7.794E-003
16.500	-242.93	7.139E-007	7.644E-003
16.550	-243.10	6.999E-007	7.348E-003
16.600	-243.21	6.912E-007	7.165E-003
16.650	-243.26	6.869E-007	7.078E-003
16.700	-243.26	6.870E-007	7.080E-003
16.750	-243.24	6.886E-007	7.112E-003
16.800	-243.26	6.874E-007	7.088E-003
16.850	-243.28	6.854E-007	7.047E-003
16.900	-243.27	6.865E-007	7.069E-003
16.950	-242.87	7.190E-007	7.754E-003
17.000	-242.74	7.297E-007	7.988E-003
17.050	-242.69	7.335E-007	8.071E-003
17.100	-242.72	7.314E-007	8.024E-003
17.150	-242.79	7.252E-007	7.888E-003
17.200	-242.85	7.201E-007	7.778E-003
17.250	-243.02	7.063E-007	7.483E-003
17.300	-243.02	7.066E-007	7.490E-003
17.350	-242.78	7.262E-007	7.911E-003
17.400	-242.50	7.500E-007	8.438E-003
17.450	-242.35	7.626E-007	8.724E-003
17.500	-242.42	7.570E-007	8.596E-003
17.550	-242.53	7.474E-007	8.379E-003
17.600	-242.68	7.345E-007	8.092E-003
17.650	-242.82	7.225E-007	7.831E-003
17.700	-243.05	7.037E-007	7.427E-003
17.750	-243.22	6.900E-007	7.142E-003
17.800	-243.22	6.899E-007	7.140E-003
17.850	-243.21	6.911E-007	7.165E-003
17.900	-243.03	7.054E-007	7.465E-003
17.950	-242.93	7.137E-007	7.641E-003
18.000	-243.03	7.056E-007	7.467E-003
18.050	-243.10	6.995E-007	7.339E-003
18.100	-243.11	6.987E-007	7.322E-003
18.150	-243.12	6.984E-007	7.316E-003
18.200	-243.17	6.942E-007	7.230E-003
18.250	-243.23	6.897E-007	7.135E-003
18.300	-243.26	6.873E-007	7.086E-003
18.350	-243.32	6.827E-007	6.990E-003
18.400	-243.31	6.834E-007	7.006E-003
18.450	-243.26	6.873E-007	7.086E-003
18.500	-243.05	7.041E-007	7.436E-003
18.550	-242.90	7.159E-007	7.687E-003
18.600	-243.04	7.048E-007	7.450E-003
18.650	-243.25	6.881E-007	7.103E-003
18.700	-243.31	6.828E-007	6.994E-003
18.750	-243.36	6.790E-007	6.916E-003
18.800	-243.55	6.642E-007	6.617E-003
18.850	-243.55	6.645E-007	6.623E-003
18.900	-243.47	6.705E-007	6.744E-003
18.950	-243.46	6.717E-007	6.767E-003
19.000	-243.47	6.708E-007	6.750E-003
19.050	-243.44	6.730E-007	6.793E-003
19.100	-243.35	6.800E-007	6.936E-003
19.150	-243.25	6.877E-007	7.094E-003
19.200	-243.15	6.955E-007	7.257E-003
19.250	-243.06	7.027E-007	7.407E-003
19.300	-243.01	7.073E-007	7.505E-003
19.350	-243.02	7.064E-007	7.485E-003
19.400	-243.01	7.075E-007	7.508E-003
19.450	-242.91	7.154E-007	7.678E-003
19.500	-243.00	7.077E-007	7.512E-003
19.550	-243.19	6.928E-007	7.199E-003
19.600	-243.32	6.826E-007	6.990E-003
19.650	-243.35	6.799E-007	6.934E-003
19.700	-243.38	6.774E-007	6.882E-003
19.750	-243.35	6.801E-007	6.938E-003
19.800	-243.26	6.873E-007	7.085E-003
19.850	-243.39	6.770E-007	6.875E-003
19.900	-243.37	6.785E-007	6.906E-003
19.950	-243.33	6.818E-007	6.973E-003
20.000	-243.28	6.852E-007	7.043E-003
